 &INPUTDATA
 QIN     =   1.40000000000000     ,
 PIN     =   1.00000000000000     ,
 GIN      =   1.40000000000000     ,
 SM      =  0.300000000000000     ,
 CFL     =   0.50000000000000     ,
 CFLVIS  =  1.000000000000000     ,
 ID_SCHEME       =           5,
 TIMEBEGIN       =  0.00000000000000     ,
 TIMEPART        =  0.2000000000000,
 TIMESTOP        =  0.800000000000000     ,
 INTERVAL        =          1,
 /
